  00111111 11111111 11111111 11111111 = +1,073,741,823
+ 00111111 11111111 11111111 11111111 = +1,073,741,823
-------------------------------------------------------
=  1111111 11111111 11111111 11111110



  01111111 11111111 11111111 11111111 = +2,147,483,647
+ 00000000 00000000 00000000 00000001 =             +1
-------------------------------------------------------
= 10000000 00000000 00000000 00000000



  10000000 00000000 00000000 00000000 = −2,147,483,648
+ 11111111 11111111 11111111 11111111 =             -1
-------------------------------------------------------
  01111111 11111111 11111111 11111111



  11111111 11111111 11111111 11111111 =             -1
+ 11111111 11111111 11111111 11111111 =             -1
-------------------------------------------------------
  11111111 11111111 11111111 11111110
